1581457151.0692265 28 20.3 -15.934123804900699 12.895119369029999
1581457151.1257005 2 1.45 -5.323734213365489 19.768462359905243
1581457151.1820939 -56 -40.6 -13.29611564309565 11.410596013069153
1581457151.2384593 -35 -25.375 7.098312284487317 -1.1197251081466675
1581457151.2948277 -18 -13.049999999999999 0.8870263297028655 -6.421379387378693
1581457151.3512335 -13 -9.424999999999999 7.074218249283184 -10.707649230957031
1581457151.4076316 -4 -2.9 4.436726749598036 -14.029594004154205
1581457151.464097 1 0.725 -2.660628845706553 -12.901332199573517
1581457151.5204766 -2 -1.45 -3.5454060565076815 -11.883758664131165
1581457151.5768955 -4 -2.9 0.8836811056800944 -13.544873178005219
1581457151.6332605 4 2.9 -0.8874392230709012 -12.90248054265976
1581457151.6896155 9 6.5249999999999995 -3.55028271542238 -9.422475516796112
1581457151.7482789 8 5.8 3.4488377256095055 -7.05709034204483
1581457151.805985 34 24.65 18.616135604683603 -2.869078576564789
1581457151.8623633 1 0.725 -14.197825967376817 0.39817267656326294
1581457151.919952 10 7.25 -5.322945979102331 4.4962592124938965
1581457151.9763978 4 2.9 -3.5469051394262276 7.072279274463654
1581457152.0328615 -12 -8.7 -7.982561695108799 6.4284608364105225
1581457152.0893176 -16 -11.6 1.773602554073197 3.316133975982666
1581457152.1457772 -10 -7.25 7.985432391267558 -0.8690114617347717
1581457152.2021534 -17 -12.325 0.886557598816318 -6.117603003978729
1581457152.2585227 -18 -13.049999999999999 -2.6615855825365937 -11.95527982711792
1581457152.3166752 0 0.0 -3.555398830211071 -12.885196506977081
1581457152.3731112 20 14.5 1.7755546618689808 -8.862969696521759
1581457152.429445 10 7.25 2.6637266607392354 -6.079738259315491
1581457152.485785 10 7.25 -0.8868950351010741 -3.0827893018722534
1581457152.5421207 8 5.8 -0.8879088869130785 -0.5678398013114929
1581457152.5985425 17 12.325 -3.551635547652314 3.9861797094345093
1581457152.654946 -1 -0.725 3.5512596575153994 5.488201141357422
1581457152.7113357 -6 -4.35 -3.5492312248783584 3.6133747696876526
1581457152.7676606 19 13.775 15.97255421329892 5.0050782561302185
1581457152.824129 11 7.975 0.0 7.637441873550415
1581457152.8807392 6 4.35 1.7693752372917106 9.2485072016716
1581457152.9370327 -1 -0.725 8.871764282843666 8.285682678222656
1581457152.993391 -21 -15.225 -23.9537635636779 6.787647604942322
1581457153.0497227 -5 -3.625 -3.548330442874667 6.091987252235413
1581457153.1061502 -8 -5.8 -6.209446947105725 5.878073811531067
1581457153.1625812 -12 -8.7 -1.7744654566992426 3.465414047241211
1581457153.2189872 -21 -15.225 -6.209709608510819 -0.33883821964263916
1581457153.275359 -19 -13.775 -0.8867450317124735 -5.265667200088501
1581457153.331767 -8 -5.8 9.758527887645679 -9.606978237628937
1581457153.3881583 -4 -2.9 0.0 -10.464471161365509
1581457153.444525 12 8.7 8.873453499196073 -9.715031206607819
1581457153.5009215 5 3.625 -5.31990783215305 -7.303871989250183
1581457153.5573606 -3 -2.175 0.0 -6.660868942737579
1581457153.6137934 -13 -9.424999999999999 -13.304832194895003 -6.12405252456665
1581457153.670156 -9 -6.5249999999999995 0.0 -7.0877615213394165
1581457153.7266703 -26 -18.849999999999998 -10.6461171394124 -11.971194684505463
1581457153.7831762 -3 -2.175 22.79513043478261 -15.82949948310852
1581457153.8397796 -2 -1.45 1.7723284950666582 -17.066594541072845
1581457153.896322 -2 -1.45 -4.418871025516762 -16.210359811782837
1581457153.9527786 -19 -13.775 -4.435037854756165 -19.000599086284637
1581457154.0091891 -14 -10.15 -1.7730777197691867 -23.18012511730194
1581457154.0655637 -7 -5.075 2.6614729895511653 -25.429583132267
1581457154.1220095 1 0.725 2.660066380567829 -25.59048479795456
1581457154.1783843 5 3.625 6.210103642286052 -23.983733117580414
1581457154.234878 0 0.0 -3.548630652734887 -23.557040989398956
1581457154.291315 -15 -10.875 -7.936075347937603 -24.47211980819702
1581457154.347717 -15 -10.875 -0.887213960867266 -27.257018268108368
1581457154.4041302 -13 -9.424999999999999 -7.079591526711115 -29.936728954315186
1581457154.460503 -2 -1.45 7.093960253699788 -30.418790698051453
1581457154.5169165 2 1.45 -5.319795374793895 -28.8109450340271
1581457154.5733259 12 8.7 -5.305775547637621 -24.79231160879135
1581457154.6297681 24 17.4 0.0 -19.48497450351715
1581457154.6862195 2 1.45 -3.5466052214353665 -16.7486190199852
1581457154.7426302 -6 -4.35 5.323621594178372 -16.96263211965561
1581457154.7990003 6 4.35 12.417843381902003 -17.658766984939575
1581457154.8553934 -4 -2.9 -4.436539031097948 -17.282590627670288
1581457154.9117723 11 7.975 7.966725618892852 -16.156932413578033
1581457154.968135 7 5.075 1.7737525638043685 -15.460935711860657
1581457155.024533 9 6.5249999999999995 -1.7730402434900236 -13.317474067211151
1581457155.0809093 21 15.225 2.6595603652350355 -9.300162255764008
1581457155.1374018 34 24.65 0.0 -1.4145718216896057
1581457155.193843 46 33.35 -0.8870450892479486 10.006107866764069
1581457155.2502348 27 19.575 -7.098312284487317 19.64925891160965
1581457155.306971 5 3.625 3.5532151555583797 21.64022195339203
1581457155.363383 -2 -1.45 4.435506863222013 20.407983005046844
1581457155.4197736 6 4.35 7.0791434418447645 20.301708042621613
1581457155.476205 13 9.424999999999999 1.7750662321723305 21.799535870552063
1581457155.532628 24 17.4 0.0 27.48193722963333
1581457155.5890346 11 7.975 -11.527929131694115 31.87738800048828
1581457155.6454508 15 10.875 0.0 36.75601601600647
1581457155.7019057 3 2.175 -2.6395871617369413 39.11337637901306
1581457155.758303 4 2.9 0.0 39.970749258995056
1581457155.8146694 -20 -14.5 -17.742027452888053 39.59620028734207
1581457155.8711374 -1 -0.725 5.285827347195967 39.64906144142151
1581457155.9275322 -2 -1.45 -1.7707198041119603 38.684428334236145
1581457155.983903 -30 -21.75 -34.58232510940572 37.0238721370697
1581457156.040292 -4 -2.9 1.7736775557669944 37.28993099927902
1581457156.0966864 -9 -6.5249999999999995 -7.097711686938128 35.521812200546265
1581457156.1531472 7 5.075 7.099363574813812 36.16343927383423
1581457156.2095025 44 31.9 31.94781203055244 39.85703045129776
1581457156.26586 -15 -10.875 -10.647918932069645 40.49960994720459
1581457156.322306 -32 -23.2 0.0 30.581507742404938
1581457156.3786936 -8 -5.8 8.874580000846347 24.848135352134705
1581457156.4351528 9 6.5249999999999995 0.0 27.260496139526367
1581457156.4915802 -4 -2.9 -0.8819901167069709 28.865926206111908
1581457156.5479696 -1 -0.725 -6.20787144518448 29.669743716716766
1581457156.604437 -15 -10.875 -5.322157978217193 28.38341373205185
1581457156.6608357 -15 -10.875 2.6620923688831533 24.311782121658325
1581457156.717209 -12 -8.7 0.887251496625981 19.330817937850952
1581457156.773688 -6 -4.35 4.433725158562368 17.40039771795273
1581457156.8302894 -10 -7.25 -4.441330820220674 14.925701379776001
1581457156.8867078 -7 -5.075 -10.644090851414795 14.605666995048523
1581457156.9431565 -3 -2.175 1.7702713881737222 14.71068149805069
1581457156.9995234 -1 -0.725 4.434193889417486 14.496728420257568
1581457157.0559297 -20 -14.5 -8.865013843975229 10.799619734287262
1581457157.1124065 -6 -4.35 0.0 10.424099087715149
1581457157.1688182 -11 -7.975 20.402037052702816 4.531169295310974
1581457157.2251782 -7 -5.075 -1.7749911129919593 2.3892987966537476
1581457157.281581 -9 -6.5249999999999995 4.432225885535549 -2.329561173915863
1581457157.3379533 -11 -7.975 0.887007570951233 -5.060554325580597
1581457157.3944328 -10 -7.25 -3.545855648314488 -6.885328114032745
1581457157.4508321 -14 -10.15 -0.8848369267119531 -10.047015607357025
1581457157.507212 -10 -7.25 7.095160280808593 -13.046169519424438
1581457157.563615 -7 -5.075 1.7730777197691867 -15.832287669181824
1581457157.6200159 -8 -5.8 -7.098912983688408 -17.172229647636414
1581457157.6764278 -5 -3.625 0.0 -18.40433269739151
1581457157.73288 -16 -11.6 -4.435694494384399 -20.175435602664948
1581457157.7892761 -3 -2.175 -2.660291338083258 -19.639713168144226
1581457157.8457127 8 5.8 3.5478802233124687 -18.192216515541077
1581457157.9021196 -19 -13.775 -12.414430443974629 -19.21010148525238
1581457157.958506 -14 -10.15 0.0 -22.90625435113907
1581457158.014952 -10 -7.25 -1.7745405313927907 -25.804123044013977
1581457158.071365 -13 -9.424999999999999 1.7711684472784088 -29.23425781726837
1581457158.1277387 -2 -1.45 1.7743153263674436 -30.62680274248123
1581457158.1841424 -1 -0.725 -4.436257483129905 -30.412899494171143
1581457158.240519 -8 -5.8 -12.41889389421145 -29.395395040512085
1581457158.2973433 -6 -4.35 -7.002615355719264 -28.26563721895218
1581457158.3536942 -15 -10.875 -8.874204468517265 -29.604241728782654
1581457158.410084 -7 -5.075 2.663952237794809 -32.176216542720795
1581457158.4664493 -2 -1.45 5.312720133420592 -33.99652153253555
1581457158.5228624 2 1.45 4.437196115354506 -32.6057670712471
1581457158.5792747 -9 -6.5249999999999995 -10.623197619198379 -32.49963819980621
1581457158.6356926 4 2.9 1.7753667724867725 -31.372246146202087
1581457158.692062 3 2.175 -3.5492312248783584 -29.550405502319336
1581457158.748387 0 0.0 3.551560363259172 -29.33631992340088
1581457158.80484 -5 -3.625 -0.887364122961051 -30.62479031085968
1581457158.8611667 -9 -6.5249999999999995 1.7752916278676034 -32.92573690414429
1581457158.917535 -8 -5.8 -5.327227773073666 -34.5865513086319
1581457158.9738894 7 5.075 4.429136834991235 -33.14140570163727
1581457159.0302217 8 5.8 -13.316378106083055 -29.074356138706207
1581457159.0867753 -7 -5.075 -7.035062059711507 -29.18154615163803
1581457159.143173 2 1.45 1.775780181629586 -29.984489381313324
1581457159.1995156 10 7.25 0.8875894614326526 -28.69964975118637
1581457159.2558362 10 7.25 -5.328130081300814 -25.48936265707016
1581457159.3122542 11 7.975 -4.409486963835156 -21.685121715068817
1581457159.3685887 26 18.849999999999998 0.887570678855595 -16.119560301303864
1581457159.4249325 14 10.15 -6.211943127962086 -11.141754627227783
1581457159.4813235 23 16.675 5.29684157353034 -6.158370316028595
1581457159.5376563 25 18.125 6.214704400651948 -0.4324451684951782
1581457159.594082 21 15.225 -7.980367849139571 6.054278790950775
1581457159.65041 17 12.325 2.663557503016448 11.084499418735504
1581457159.7067444 13 9.424999999999999 0.0 14.08156955242157
1581457159.7631476 16 11.6 1.775254057943411 18.74202597141266
1581457159.8197553 35 25.375 27.49432746188493 22.827996015548706
1581457159.876066 8 5.8 1.7752916278676034 24.647500336170197
1581457159.9324536 6 4.35 -7.099063174374814 28.07489901781082
1581457159.9888113 10 7.25 4.4260520872905325 30.430813193321228
1581457160.0451488 -1 -0.725 0.8877961222589111 30.21734482049942
1581457160.1015482 4 2.9 3.547505127608737 30.53878802061081
1581457160.1578767 -4 -2.9 -6.213915215136828 30.324816823005676
1581457160.2142432 5 3.625 1.77585536761437 31.342633843421936
1581457160.2705603 -11 -7.975 -4.439732407485816 31.610547721385956
1581457160.327007 -11 -7.975 -4.438510867954878 30.109749376773834
1581457160.3833425 -5 -3.625 1.7752916278676034 26.042161881923676
1581457160.439708 -2 -1.45 -4.4410486637584174 26.25678199529648
1581457160.4961243 8 5.8 1.7703834708650783 28.66751539707184
1581457160.5524533 5 3.625 4.439732407485816 29.148637175559998
1581457160.6088312 -3 -2.175 -6.208921690951001 29.309937477111816
1581457160.6651616 -1 -0.725 0.0 29.04218327999115
1581457160.7215965 -9 -6.5249999999999995 0.0 27.432217597961426
1581457160.7779164 -8 -5.8 2.6638958399491903 24.86425518989563
1581457160.8342743 -15 -10.875 -3.5520867208672087 21.97357439994812
1581457160.8906336 -3 -2.175 2.6606851053032226 17.89952266216278
1581457160.9470544 18 13.049999999999999 -2.6633883667767333 21.109412252902985
1581457161.0034034 7 5.075 -2.6572576183135177 25.337330639362335
1581457161.0597324 -24 -17.4 -9.763277467411546 22.984009861946106
1581457161.1161191 -21 -15.225 -1.7743903883577292 17.841994524002075
1581457161.1724834 -22 -15.95 -0.8873453499196073 12.380325317382812
1581457161.228876 -19 -13.775 -2.6623740002539042 7.559277534484863
1581457161.285321 -1 -0.725 24.793217361932108 3.91445130109787
1581457161.3419979 -9 -6.5249999999999995 0.8876458139338017 0.7351638078689575
1581457161.3983781 -23 -16.675 -2.6590545423807614 -3.9246391654014587
1581457161.4548492 -16 -11.6 4.433537693966429 -9.505375921726227
1581457161.5112832 -3 -2.175 0.8819159359952901 -11.9694744348526
1581457161.5676591 -4 -2.9 4.43428764748171 -13.736851453781128
1581457161.6241949 -5 -3.625 6.204329487342039 -15.509413003921509
1581457161.6806026 -13 -9.424999999999999 0.0 -18.403644144535065
1581457161.7370722 -9 -6.5249999999999995 1.7740901784958971 -21.087517857551575
1581457161.7935033 -1 -0.725 5.319008306385138 -22.374676823616028
1581457161.849904 -13 -9.424999999999999 -1.7745780711218293 -24.999494671821594
1581457161.9062743 -9 -6.5249999999999995 0.8868575294963421 -27.730932891368866
1581457161.9626706 -13 -9.424999999999999 -4.435882141421833 -29.82015061378479
1581457162.022317 -11 -7.975 5.072936623125302 -33.9935781955719
1581457162.0790234 -4 -2.9 -1.7647224150625855 -35.129211366176605
1581457162.135518 2 1.45 -5.318558657564934 -34.806901812553406
1581457162.1919863 14 10.15 5.311935157041541 -32.3931559920311
1581457162.2487056 -11 -7.975 -11.43557224051509 -32.342420518398285
1581457162.3055172 -15 -10.875 0.8795671685610033 -35.58104473352432
1581457162.3623877 -26 -18.849999999999998 0.0 -41.79466915130615
1581457162.4191802 -6 -4.35 8.806013017006089 -45.949222683906555
1581457162.4760711 -7 -5.075 -0.8809897288327838 -48.38167041540146
1581457162.5329669 -11 -7.975 -1.7561513178554233 -51.137872755527496
1581457162.5898046 3 2.175 11.43437319129304 -53.08149665594101
1581457162.646682 21 15.225 10.560120850992405 -50.59699070453644
1581457162.7035072 17 12.325 9.681735845889117 -47.78971767425537
1581457162.7603688 17 12.325 4.398297015582727 -43.9542755484581
1581457162.8175714 6 4.35 -7.015499383219386 -40.35571938753128
1581457162.8744118 -43 -31.175 7.91909373164387 -50.45356220006943
1581457162.931209 198 143.54999999999998 12.346823103934062 -17.341716706752777
1581457162.9880471 134 97.14999999999999 -36.11147686944835 30.505429446697235
1581457163.044908 -332 -240.7 -74.60051056706423 -22.1846804022789
1581457163.1017416 -427 -309.575 51.90861410022445 -148.09451913833618
1581457163.1585777 11 7.975 -14.968965024982156 -158.69131475687027
1581457163.2154105 6 4.35 9.686817695101723 -157.61027431488037
1581457163.272214 27 19.575 -0.8800654650748022 -152.0514693260193
1581457163.3290005 30 21.75 -2.6409167611132096 -144.1211512684822
1581457163.3858378 -56 -40.6 -49.31263756797044 -142.06395691633224
1581457163.4426978 -350 -253.75 53.70540386230059 -239.3600179553032
1581457163.499533 -487 -353.075 19.367535891193015 -360.34388160705566
1581457163.556433 -554 -401.65 -10.537790339802775 -499.3158420920372
1581457163.6133392 -680 -493.0 -17.6064812677091 -671.504903793335
1581457163.670194 -550 -398.75 81.87185626731592 -839.0035502314568
1581457163.7270718 -626 -453.84999999999997 8.805458400688599 -1005.6480128765106
1581457163.7838755 -596 -432.09999999999997 -0.8803425405087734 -1171.5317525863647
1581457163.8406801 -349 -253.025 32.53647986246514 -1294.0294914245605
1581457163.8975425 -143 -103.675 20.22029218805676 -1350.0005850791931
1581457163.954348 -23 -16.675 16.726157204323645 -1367.2702845931053
1581457164.011186 56 40.6 10.56544103446828 -1360.6348479390144
1581457164.0680346 368 266.8 94.81629136577709 -1306.710949897766
1581457164.1248553 450 326.25 -174.38468639102953 -1142.7828214764595
1581457164.1816657 740 536.5 51.90534776407417 -1024.4204676747322
1581457164.2384298 729 528.525 -5.287715420334924 -826.9971657395363
1581457164.295538 713 516.925 -12.94591546977242 -630.9367760419846
1581457164.3524835 716 519.1 -0.8791062857621933 -436.61068791151047
1581457164.409322 704 510.4 8.797885639971474 -244.9233393073082
1581457164.4660919 694 503.15 -8.804903854227895 -56.2176895737648
1581457164.5229492 696 504.59999999999997 -0.8809157162959695 131.59089243412018
1581457164.5797787 736 533.6 -5.260304759515897 326.86885619163513
1581457164.636605 558 404.55 -66.91586455906123 502.377075612545
1581457164.6934292 311 225.475 212.22045810501564 573.1646195054054
1581457164.750215 741 537.225 -27.27516183843427 757.9714428782463
1581457164.8070583 365 264.625 -58.17464831354419 899.2209085822105
1581457164.8638356 137 99.325 -24.663050107102357 956.8283650875092
1581457164.9206393 28 20.3 -10.56211529179695 974.0980725288391
1581457164.9773996 -6 -4.35 -2.643302312879441 975.3393521308899
1581457165.0342093 -24 -17.4 -0.8804534195390236 970.2116287946701
1581457165.0910056 -26 -18.849999999999998 -0.8808972151048012 963.8448330760002
1581457165.1477692 -33 -23.925 -7.051917111512758 956.5111755132675
1581457165.204552 -30 -21.75 1.7626458784223908 949.0125495195389