8
rectangular prism
0.000000 5.000000 100.000000 100.000000 10.000000 100.000000
rectangular prism
0.000000 20 300 100.000000 10.000000 100.000000
rectangular prism
250 50 300 100.000000 10.000000 100.000000
rectangular prism
490 70 475 100.000000 10.000000 100.000000
rectangular prism
250 90 300 100.000000 10.000000 100.000000
rectangular prism
490 120 475 100.000000 10.000000 100.000000
rectangular prism
250 150 300 100.000000 10.000000 100.000000
rectangular prism
0 100 50 100.000000 10 100.000000