 -1  -1  -1  -1  -1  -1  -1  -1  -1  -1  -1  -1  -1  -1  -1  -1  -1  -1  -1  -1  -1  -1  -1  -1  -1  -1  -1  -1  -1  -1  -1  -1  -1  -1  -1  -1
 -1  -1  -1  -1  -1  -1  -1  -1  -1  -1  -1  -1  -1  -1  -1  -1  -1  -1  -1  -1  -1  -1  -1  -1  -1  -1  -1  -1  -1  -1  -1  -1  -1  -1  -1  -1
 -1  -1   5   5   5   5   5   5   5   5   6   7   8   9  10  11  12  13  14  15  16  17  18  19  20  21  22  23  24  25  26  27  28  29  -1  -1
 -1  -1   4   4   4   4   4   4   4   5   6   7   8   9  10  11  12  13  14  15  16  17  18  19  20  21  22  23  24  25  26  27  28  29  -1  -1
 -1  -1   4   3   3   3   3   3   4   5   6   7   8   9  10  11  12  13  14  15  16  17  18  19  20  21  22  23  24  25  26  27  28  29  -1  -1
 -1  -1   4   3   2   2   2   3   4   5   6   7   8   9  10  11  12  13  14  15  16  17  18  19  20  21  22  23  24  25  26  27  28  29  -1  -1
 -1  -1   4   3   2 p20   2   3   4   5   6   7  -1   9  10  11  12  13  14  15  16  17  18  19  20  21  22  23  24  25  26  27  28  29  -1  -1
 -1  -1   4   3   2 p19   2   3   4   5   6  -1  -1  -1  10  11  12  13  14  15  16  17  18  19  20  21  22  23  24  25  26  27  28  29  -1  -1
 -1  -1   4   3 p18   3   3   3   4   5  -1  -1  -1  -1  -1  11  12  13  14  15  16  17  18  19  20  21  22  23  24  25  26  27  28  29  -1  -1
 -1  -1  -1  -1  -1 p17   4   4   4  -1  -1  -1  -1  -1  -1  -1  12  13  14  15  16  17  18  19  20  21  22  23  24  25  26  27  28  29  -1  -1
 -1  -1  -1  -1  -1  -1 p16   5  -1  -1  -1  -1  -1  -1  -1  -1  -1  13  14  15  -1  -1  -1  19  20  21  22  23  24  25  26  27  28  29  -1  -1
 -1  -1  -1  -1  -1  -1  -1 p15   6  -1  -1  -1  -1  -1  -1  -1  14  14  -1  -1  -1  -1  -1  -1  -1  21  22  23  24  25  26  27  28  29  -1  -1
 -1  -1  -1  -1  -1  -1  -1  -1 p14   7  -1  -1  -1  -1  -1  13  14  -1  -1  -1  -1  -1  -1  -1  -1  22  22  23  24  25  26  27  28  29  -1  -1
 -1  -1  -1  -1  -1  -1  -1  -1  -1 p13   8  -1  -1  -1  12  13  -1  -1  -1  -1  -1  -1  -1  -1  -1  23  23  23  24  25  26  27  28  29  -1  -1
 -1  -1  -1  -1  -1  -1  -1  -1  -1  -1 p12   9  -1  11  12  -1  -1  -1  -1  -1  -1  -1  -1  -1  -1  24  24  24  24  25  26  27  28  29  -1  -1
 -1  -1  -1  -1  -1  -1  -1  -1  -1  -1  -1 p11  10  11  -1  -1  -1  -1  -1  -1  -1  -1  -1  -1  25  25  25  25  25  25  26  27  28  29  -1  -1
 -1  -1  24  -1  -1  -1  -1  -1  -1  -1  -1  11 p10  11  -1  -1  -1  -1  -1  -1  -1  -1  -1  25  25  -1  -1  26  26  26  26  27  28  29  -1  -1
 -1  -1  24  23  23  -1  -1  -1  -1  -1  -1  p9  12  12  -1  -1  -1  -1  -1  -1  -1  -1  -1  24  -1  -1  -1  -1  -1  -1  -1  -1  28  29  -1  -1
 -1  -1  24  23  22  22  -1  -1  -1  -1  -1  13  p8  13  -1  -1  -1  -1  -1  -1  -1  -1  23  24  -1  -1  -1  -1  -1  -1  -1  -1  29  29  -1  -1
 -1  -1  24  23  22  21  -1  -1  -1  -1  -1  14  14  p7  14  -1  -1  -1  -1  -1  22  22  23  24  25  -1  -1  -1  -1  -1  -1  -1  30  30  -1  -1
 -1  -1  24  23  22  21  20  19  18  17  -1  15  15  15  p6  15  -1  -1  -1  21  21  22  23  24  25  -1  -1  -1  -1  -1  -1  -1  31  31  -1  -1
 -1  -1  24  23  22  21  20  19  18  17  16  16  16  16  16  p5  -1  -1  -1  20  p0  22  23  24  25  -1  -1  -1  -1  -1  -1  -1  32  32  -1  -1
 -1  -1  24  23  22  21  20  19  18  17  17  17  17  17  17  17  p4  p3  19  p1  21  22  23  24  25  -1  -1  -1  -1  -1  -1  -1  33  33  -1  -1
 -1  -1  24  23  22  21  20  19  18  18  18  18  18  18  18  18  18  18  p2  20  21  22  23  24  25  26  27  28  29  30  31  32  33  34  -1  -1
 -1  -1  24  23  22  21  20  19  19  19  19  19  19  19  19  19  19  19  19  20  21  22  23  24  25  26  27  28  29  30  31  32  33  34  -1  -1
 -1  -1  -1  -1  -1  -1  -1  -1  -1  -1  -1  -1  -1  -1  -1  -1  -1  -1  -1  -1  -1  -1  -1  -1  -1  -1  -1  -1  -1  -1  -1  -1  -1  -1  -1  -1
 -1  -1  -1  -1  -1  -1  -1  -1  -1  -1  -1  -1  -1  -1  -1  -1  -1  -1  -1  -1  -1  -1  -1  -1  -1  -1  -1  -1  -1  -1  -1  -1  -1  -1  -1  -1
