 -1  -1  -1  -1  -1  -1  -1  -1  -1  -1  -1  -1  -1  -1  -1  -1  -1  -1  -1  -1  -1  -1  -1  -1  -1  -1  -1  -1  -1  -1  -1  -1  -1  -1  -1  -1
 -1  -1  -1  -1  -1  -1  -1  -1  -1  -1  -1  -1  -1  -1  -1  -1  -1  -1  -1  -1  -1  -1  -1  -1  -1  -1  -1  -1  -1  -1  -1  -1  -1  -1  -1  -1
 -1  -1   5   5   5   5   5   5   5   5   6   7   8   9  10  11  12  13  14  15  16  17  18  19  20  21  22  23  24  25  26  27  28  29  -1  -1
 -1  -1   4   4   4   4   4   4   4   5   6   7   8   9  10  11  12  13  14  15  16  17  18  19  20  21  22  23  24  25  26  27  28  29  -1  -1
 -1  -1   4   3   3   3   3   3   4   5   6   7   8   9  10  11  12  13  14  15  16  17  18  19  20  21  22  23  24  25  26  27  28  29  -1  -1
 -1  -1   4   3   2   2   2   3   4   5   6   7   8   9  10  11  12  13  14  15  16  17  18  19  20  21  22  23  24  25  26  27  28  29  -1  -1
 -1  -1   4   3   2   1   2   3   4   5   6   7  -1   9  10  11  12  13  14  15  16  17  18  19  20  21  22  23  24  25  26  27  28  29  -1  -1
 -1  -1   4   3   2   2   2   3   4   5   6  -1  -1  -1  10  11  12  13  14  15  16  17  18  19  20  21  22  23  24  25  26  27  28  29  -1  -1
 -1  -1   4   3   3   3   3   3   4   5  -1  -1  -1  -1  -1  11  12  13  14  15  16  17  18  19  20  21  22  23  24  25  26  27  28  29  -1  -1
 -1  -1  -1  -1  -1   4   4   4   4  -1  -1  -1  -1  -1  -1  -1  12  13  14  15  16  17  18  19  20  21  22  23  24  25  26  27  28  29  -1  -1
 -1  -1  -1  -1  -1  -1   5   5  -1  -1  -1  -1  -1  -1  -1  -1  -1  13  14  15  -1  -1  -1  19  20  21  22  23  24  25  26  27  28  29  -1  -1
 -1  -1  -1  -1  -1  -1  -1   6   6  -1  -1  -1  -1  -1  -1  -1  14  14  -1  -1  -1  -1  -1  -1  -1  21  22  23  24  25  26  27  28  29  -1  -1
 -1  -1  -1  -1  -1  -1  -1  -1   7   7  -1  -1  -1  -1  -1  13  14  -1  -1  -1  -1  -1  -1  -1  -1  22  22  23  24  25  26  27  28  29  -1  -1
 -1  -1  -1  -1  -1  -1  -1  -1  -1   8   8  -1  -1  -1  12  13  -1  -1  -1  -1  -1  -1  -1  -1  -1  23  23  23  24  25  26  27  28  29  -1  -1
 -1  -1  -1  -1  -1  -1  -1  -1  -1  -1   9   9  -1  11  12  -1  -1  -1  -1  -1  -1  -1  -1  -1  -1  24  24  24  24  25  26  27  28  29  -1  -1
 -1  -1  -1  -1  -1  -1  -1  -1  -1  -1  -1  10  10  11  -1  -1  -1  -1  -1  -1  -1  -1  -1  -1  25  25  25  25  25  25  26  27  28  29  -1  -1
 -1  -1  24  -1  -1  -1  -1  -1  -1  -1  -1  11  11  11  -1  -1  -1  -1  -1  -1  -1  -1  -1  25  25  -1  -1  26  26  26  26  27  28  29  -1  -1
 -1  -1  24  23  23  -1  -1  -1  -1  -1  -1  12  12  12  -1  -1  -1  -1  -1  -1  -1  -1  -1  24  -1  -1  -1  -1  -1  -1  -1  -1  28  29  -1  -1
 -1  -1  24  23  22  22  -1  -1  -1  -1  -1  13  13  13  -1  -1  -1  -1  -1  -1  -1  -1  23  24  -1  -1  -1  -1  -1  -1  -1  -1  29  29  -1  -1
 -1  -1  24  23  22  21  -1  -1  -1  -1  -1  14  14  14  14  -1  -1  -1  -1  -1  22  22  23  24  25  -1  -1  -1  -1  -1  -1  -1  30  30  -1  -1
 -1  -1  24  23  22  21  20  19  18  17  -1  15  15  15  15  15  -1  -1  -1  21  21  22  23  24  25  -1  -1  -1  -1  -1  -1  -1  31  31  -1  -1
 -1  -1  24  23  22  21  20  19  18  17  16  16  16  16  16  16  -1  -1  -1  20  21  22  23  24  25  -1  -1  -1  -1  -1  -1  -1  32  32  -1  -1
 -1  -1  24  23  22  21  20  19  18  17  17  17  17  17  17  17  17  18  19  20  21  22  23  24  25  -1  -1  -1  -1  -1  -1  -1  33  33  -1  -1
 -1  -1  24  23  22  21  20  19  18  18  18  18  18  18  18  18  18  18  19  20  21  22  23  24  25  26  27  28  29  30  31  32  33  34  -1  -1
 -1  -1  24  23  22  21  20  19  19  19  19  19  19  19  19  19  19  19  19  20  21  22  23  24  25  26  27  28  29  30  31  32  33  34  -1  -1
 -1  -1  -1  -1  -1  -1  -1  -1  -1  -1  -1  -1  -1  -1  -1  -1  -1  -1  -1  -1  -1  -1  -1  -1  -1  -1  -1  -1  -1  -1  -1  -1  -1  -1  -1  -1
 -1  -1  -1  -1  -1  -1  -1  -1  -1  -1  -1  -1  -1  -1  -1  -1  -1  -1  -1  -1  -1  -1  -1  -1  -1  -1  -1  -1  -1  -1  -1  -1  -1  -1  -1  -1
